2192282
1072221
782512
730103
673286
701048
711598
711848
698593
679887
688113
719833
695668
870579
926835
826896
1162612
673045
648989
650783
753437
645312
633099
791128
808130
934460
807779
700266
685097
977321
706177
713011
635384
685689
808111
842466
808922
706689
648198
666973
718881
848627
906697
623281
597111
694636
629772
753797
923238
681842
841123
912328
753266
762353
778434
1049537
1145870
898482
1103209
969787
933668
1113679
1130621
937807
928499
741234
792952
812088
670490
664308
629592
604075
767183
767564
689757
693343
803111
741445
670731
620055
611788
592242
616778
580670
579407
587563
758436
648698
638910
648087
798132
724192
675459
677263
644901
633630
601940
722148
604715
583486
753126
676321
717639
845061
629602
616508
780568
635023
598824
603393
591650
590518
586120
604145
706829
804554
657285
755340
663186
982941
676311
611999
609705
616628
615295
603664
747385
591931
595368
807730
738609
692952
646876
599155
745492
594666
588635
585208
600408
588815
582042
586782
611759
594015
649019
748688
693163
654880
661683
799825
685598
642507
652846
638550
589186
596950
714383
585820
601008
768706
758487
611959
605086
905034
687913
657445
648478
643058
587783
577664
585660
575320
613983
591570
638449
590078
585229
689085
788674
666162
634051
618542
601169
586911
577915
586361
578386
574407
571783
892961
651614
735944
683354
634672
672293
664077
614073
597352
583585
582233
626927
580569
584036
690738
826385
709654
691720
640954
596350
861692
615186
605758
582764
705567
615676
596259
610195
593294
620996
635684
644050
717680
653207
647797
682011
619674
717089
637737
630354
613873
612199
665831
596240
586761
735052
691099
640864
619102
611969
877031
613963
598884
607050
600378
588174
589948
583345
586181
583816
781851
809353
614374
719673
872072
626216
721797
593985
576101
579106
574999
587122
571553
603934
627037
700637
846132
852184
772994
660441
696769
843117
973463
910434
905745
876079
873976
1023017
932897
903592
868345
863495
714984
669398
635764
685108
747706
959016
1019040
950120
781560
694375
793252
621006
623510
590879
591941
596269
597371
665741
600828
584166
739772
637478
600727
598644
626466
686590
774747
791239
661804
635774
592703
633149
602922
602472
595758
799314
622469
669118
711127
783234
704564
662615
608622
582673
589507
591420
727908
602241
588214
597612
942746
610697
642346
614814
625965
702510
631516
631957
586500
713020
587733
585399
712189
596210
674868
729151
602310
618912
647536
860560
634222
616046
605526
587312
638950
608573
584307
588635
633009
719433
716447
679727
858546
643769
647677
610507
682061
622689
642087
606598
590920
582724
575000
580750
596430
765340
610176
697922
631657
853386
649710
611367
598404
704905
638239
594907
710967
696960
725845
757334
724392
711287
742736
713772
694726
691831
754669
704124
696079
691159
699144
708181
744090
614944
798111
774196
822719
645632
596730
586662
580178
581472
589456
604074
586832
584838
660742
714714
593344
616979
624853
599306
691871
604765
598935
595468
585398
579638
590489
645553
581592
789946
660061
592512
583746
609183
673896
735563
673215
613903
683955
619763
710425
587002
694937
593253
622198
858987
852825
760481
767443
724723
726136
690177
681380
793443
726717
718671
735232
715394
787471
680579
649380
916546
681861
729773
699646
756072
696829
727868
882621
786079
729952
801368
758186
673275
728369
641064
624833
774517
799575
679357
637557
706909
691831
660662
753618
809303
724182
637628
811026
742847
700447
621788
627799
602501
620936
595067
607200
726726
761262
675550
705436
635644
697742
634291
643800
592262
575761
585068
583545
580910
581271
574859
670099
700547
624613
905014
796118
792061
667584
594506
593504
578746
591270
582052
593885
586501
606499
607922
671743
781160
653818
655361
600217
772984
584377
592302
579928
587333
612850
590920
574628
582132
656363
660010
747856
674678
655521
845301
605246
676602
593875
583515
591270
585148
606569
658547
612069
636005
632929
621798
768185
614354
733479
605407
598734
594086
597552
589447
591000
600287
632508
602571
614043
672544
709213
634070
741264
679216
610296
602531
624313
590088
591972
593675
614253
603073
598864
621627
667043
624803
709664
796178
611107
604335
604746
591781
585739
602962
606419
649730
621397
785649
630183
610696
634892
670340
789235
775789
733329
701378
724472
722649
710806
696489
697872
713331
677483
648508
871961
634141
602231
606058
678675
596921
586932
589316
580549
648899
590758
590669
583776
658878
792360
942535
620225
850922
597733
587433
587533
604255
619573
585108
627759
601339
746694
752606
737046
632207
644761
795517
641966
620876
617860
661653
628921
621397
605196
656333
607150
666031
697781
645633
614193
649210
815735
669769
614293
612089
597281
589877
590518
711087
633760
605727
677664
810675
628040
630604
657956
658958
616278
592873
583906
618932
596380
593695
583725
601049
581140
619874
609915
585488
581631
820735
1076919
1005514
873624
923920
917577
848637
980076
1045941
1047063
991158
939009
921485
656142
645653
607140
733519
707911
692451
846042
697531
713781
632147
683424
866491
763616
670871
614314
596149
644661
594606
584447
643939
589146
714113
610717
690869
833299
746083
637237
686651
599435
599967
688754
594055
580920
596760
617389
592482
609184
805656
736686
976750
636465
634272
588525
754218
601800
580890
590809
579518
577964
574618
572304
576291
843958
722418
610937
702119
596450
582674
582434
602111
580900
578896
566513
586140
598884
583235
587984
757455
722349
835251
701189
742116
750933
674527
618020
599596
611528
723620
602962
604655
596210
658918
653467
698603
736415
623511
711668
588705
642797
684637
592092
619704
646865
589026
592893
616518
697241
635714
667103
607881
669878
721156
659299
600557
611969
591901
694996
611258
598804
632708
658637
700206
683354
622068
712239
606218
613441
623571
604745
585979
604194
581551
605307
588425
581241
585258
596149
696769
634882
634111
598092
586400
593414
669848
601559
594646
593394
594406
585188
725173
700927
606148
808962
631766
609133
704774
633750
628791
619283
629362
610476
620215
613212
617129
614374
617350
763225
723881
630945
880467
648729
670510
601179
872222
583706
585378
586210
762865
624764
618301
598052
701859
719663
675900
626186
602050
658387
614795
602240
608453
625675
659749
602170
594616
606128
627439
718801
695978
647196
682513
685068
734120
615356
692140
633310
596951
606408
621006
661673
605327
715405
665821
757304
662285
655381
607811
679266
649600
590448
651624
601059
622539
591671
674527
637227
759008
745853
685729
663076
670951
895757
651995
607781
596901
693774
590669
600017
583234
586451
588164
795587
777703
682422
777502
778184
628641
642247
707821
608943
795577
625695
718951
594806
833198
729672
723781
723710
806056
722168
812439
670700
660511
626436
643428
619573
644251
632508
930462
709003
920714
757084
730052
649230
597131
606619
587743
611167
576472
580790
571503
582303
704364
661804
604535
698603
657275
598313
802610
636937
587252
619303
594376
594657
617359
630233
704314
593534
717519
869076
623681
604165
